01/03/2007 13:40:30, 1201476, 4, 4, 8, 0.075556, 0, 3, 0.013333, 0, 8, 0.122222, 0, 8, 0.064444, 0
01/03/2007 13:40:30, 1201481, 5, 5, 13, 0.076667, 0, 6, 0.037778, 0, 6, 0.062222, 0, 13, 0.108889, 0, 11, 0.085556, 0
01/03/2007 13:40:30, 1201487, 1, 1, 8, 0.047778, 0
01/03/2007 13:40:30, 1201445, 3, 3, 0, 0.000000, 0, 4, 0.083333, 0, 4, 0.045556, 0
01/03/2007 13:40:30, 1201449, 3, 3, 0, 0.000000, 0, 4, 0.042222, 0, 2, 0.020000, 0
01/03/2007 13:40:30, 1201451, 1, 1, 10, 0.056667, 0
01/03/2007 13:40:30, 1201453, 4, 4, 14, 0.077778, 0, 6, 0.042222, 0, 7, 0.062222, 0, 3, 0.020000, 0
01/03/2007 13:40:30, 1213849, 1, 1, 2, 0.010000, 0
01/03/2007 13:40:30, 1213852, 2, 2, 6, 0.025556, 0, 6, 0.040000, 0
01/03/2007 13:40:30, 1201503, 4, 4, 5, 0.027778, 0, 2, 0.020000, 0, 5, 0.070000, 0, 5, 0.037778, 0
